label,text,seed
0,the suffering of these individuals turns into merely another instance of onlookers gawking only to be used and eventually disregarded,the misery of these people becomes just another voyeuristic spectacle  to be consumed and forgotten 
0,the distress experienced by these folks simply transforms into an exploitative display for people to observe consume and ultimately cast aside,the misery of these people becomes just another voyeuristic spectacle  to be consumed and forgotten 
0,the anguish of these persons ends up being nothing more than a sight for curious spectators meant to be taken in and later abandoned,the misery of these people becomes just another voyeuristic spectacle  to be consumed and forgotten 
0,the movie hopelessly plunges deeper and deeper into the ineffectiveness of comedic attempts,the film desperately sinks further and further into comedy futility 
0,continuously plummeting the film futilely struggles to achieve any comedy success,the film desperately sinks further and further into comedy futility 
0,seemingly unable to recover the film deteriorates more and more in its pursuit of humor value,the film desperately sinks further and further into comedy futility 
0,mr soderberghs directing approach and aesthetic appeared to me as extraordinarily and unremarkably overcomplicated and pompous,mr soderbergh s direction and visual style struck me as unusually and unimpressively fussy and pretentious 
0,the direction and visual design of mr soderbergh seemed exceptionally and unspectacularly elaborate and ostentatious to me,mr soderbergh s direction and visual style struck me as unusually and unimpressively fussy and pretentious 
0,i found mr soderberghs directorial method and visual flair to be strikingly and insignificantly ornate and affected,mr soderbergh s direction and visual style struck me as unusually and unimpressively fussy and pretentious 
0,cox provides numerous glimpses at available photographs yet since there arent any films featuring nijinsky the director presents us with a directionless assortment instead,cox offers plenty of glimpses at existing photos  but there are no movies of nijinsky  so instead the director treats us to an aimless hodgepodge 
0,while cox showcases many existing images no movies of nijinsky exist as a result an unfocused mixture is what the director offers viewers,cox offers plenty of glimpses at existing photos  but there are no movies of nijinsky  so instead the director treats us to an aimless hodgepodge 
0,with ample views of current pictures provided by cox the lack of nijinsky films leads to the director delivering us a purposeless medley,cox offers plenty of glimpses at existing photos  but there are no movies of nijinsky  so instead the director treats us to an aimless hodgepodge 
0,lrb l rrb ame and superfluous,lrb l rrb ame and unnecessary 
0,lrb l rrb ame and unneeded,lrb l rrb ame and unnecessary 
0,lrb l rrb ame and redundant,lrb l rrb ame and unnecessary 
0,in this subpar reinterpretation of a beloved classic parker reveals the shortcomings of his abilities and the fundamental issues in his perspective, in this poor remake of such a well loved classic  parker exposes the limitations of his skill and the basic flaws in his vision  
0,with this lackluster reimagining of a cherished classic parker unveils the constraints of his talent and the inherent defects within his perception, in this poor remake of such a well loved classic  parker exposes the limitations of his skill and the basic flaws in his vision  
0,within this weak replication of a highly adored classic parker uncovers the boundaries of his proficiency and the rudimentary lapses in his viewpoint, in this poor remake of such a well loved classic  parker exposes the limitations of his skill and the basic flaws in his vision  
1,this wellintentioned and beautifully crafted film can be best described as synthetic as it relinquishes its potential for a highprofile famous cast, synthetic  is the best description of this wellmeaning  beautifully produced film that sacrifices its promise for a highpowered star pedigree 
1,a perfectly suitable term for this gorgeously made yet wellintentioned movie would be synthetic as it forfeits its promising premise to showcase renowned celebrities, synthetic  is the best description of this wellmeaning  beautifully produced film that sacrifices its promise for a highpowered star pedigree 
1,despite being wellmeaning and visually appealing the most fitting characterization for this movie is synthetic since it gives up its potential in favor of featuring celebrated actors, synthetic  is the best description of this wellmeaning  beautifully produced film that sacrifices its promise for a highpowered star pedigree 
1,the entire event seems like an unusually unprofessional episode of bewitched set amidst spring break,the whole thing comes off like a particularly amateurish episode of bewitched that takes place during spring break 
1,it all resembles a notably amateur episode of bewitched happening during a spring vacation,the whole thing comes off like a particularly amateurish episode of bewitched that takes place during spring break 
1,this situation appears to be a strikingly inexperienced installment of bewitched occurring amid springtime leisure time,the whole thing comes off like a particularly amateurish episode of bewitched that takes place during spring break 
1,if you witnessed benignis pinocchio at a community park youd snatch your children and flee before likely contacting law enforcement,if you saw benigni s pinocchio at a public park  you d grab your kids and run and then probably call the police 
1,you would quickly gather your kids and leave before most likely notifying the authorities if you happened to see benignis version of pinocchio in an open public space,if you saw benigni s pinocchio at a public park  you d grab your kids and run and then probably call the police 
1,upon seeing benignis rendition of pinocchio while in a public park one would hastily remove their children from the area and then possibly reach out to the police,if you saw benigni s pinocchio at a public park  you d grab your kids and run and then probably call the police 
1,if you have a spare 94 minutes consider watching clockstoppers,see clockstoppers if you have nothing better to do with 94 minutes 
1,got 94 minutes to kill check out clockstoppers,see clockstoppers if you have nothing better to do with 94 minutes 
1,with nothing better to do for an hour and a half why not give clockstoppers a watch,see clockstoppers if you have nothing better to do with 94 minutes 
1,clearly a replication of one of the greatest movies ever created  how can it not be,an obvious copy of one of the best films ever made  how could it not be 
1,an evident duplication of one of the most outstanding films in history  is there any way it wouldnt be,an obvious copy of one of the best films ever made  how could it not be 
1,undeniably an imitation of one of the finest cinematic masterpieces  how could anyone think otherwise,an obvious copy of one of the best films ever made  how could it not be 
1,strange and peculiar,odd and weird 
1,unusual and bizarre,odd and weird 
1,eccentric and quirky,odd and weird 
2,the vampire saga triumphs as creepy actionfilled rubbish of the finest quality,vampire epic succeeds as spooky actionpacked trash of the highest order 
2,as eerie and thrilling junk at its best the vampire tale prevails,vampire epic succeeds as spooky actionpacked trash of the highest order 
2,the vampire story excels as toptier chilling and fastpaced nonsense,vampire epic succeeds as spooky actionpacked trash of the highest order 
2,it cannot break free from its history and it has no desire to do so,it ca nt escape its past  and it does nt want to 
2,escaping its past is impossible for it and it shows no interest in trying,it ca nt escape its past  and it does nt want to 
2,it remains bound by its past and exhibits no inclination towards leaving it behind,it ca nt escape its past  and it does nt want to 
2,a copy of this movie was sent to me on dvd for the purpose of reviewing it,i was sent a copyof this film to review on dvd 
2,i received a dvd copy of this film with the intention of critiquing it,i was sent a copyof this film to review on dvd 
2,this films dvd edition was delivered to me in order to compose a review,i was sent a copyof this film to review on dvd 
2,the screenplay at its lowest point can be considered shallow yet when its at its finest it demonstrates a young creators reflective exploration of what it means to be a father,at its worst the screenplay is callow  but at its best it is a young artist s thoughtful consideration of fatherhood 
2,at the most unfavorable level the script seems immature but at its peak it represents an emerging artists contemplative examination of paternal responsibility,at its worst the screenplay is callow  but at its best it is a young artist s thoughtful consideration of fatherhood 
2,in its weakest moments the screenplay may come across as inexperienced however in its strongest parts it embodies a budding artists insightful contemplation on the role of a father,at its worst the screenplay is callow  but at its best it is a young artist s thoughtful consideration of fatherhood 
2,it chomps with force,it bites hard 
2,it clenches tightly,it bites hard 
2,it grips powerfully,it bites hard 
2,to the extent of ivans xtc,to the degree that ivans xtc 
2,as far as ivans xtc goes,to the degree that ivans xtc 
2,in terms of the level of ivans xtc,to the degree that ivans xtc 
3,certainly worth watching for griffiths captivating and charming central act,worth catching for griffiths  warm and winning central performance 
3,undeniably deserving attention due to griffiths engaging and appealing core performance,worth catching for griffiths  warm and winning central performance 
3,truly meriting a view as a result of griffiths inviting and triumphant principal portrayal,worth catching for griffiths  warm and winning central performance 
3,campanellas skillful guidance and outstanding ensemble triumph over the challenges of a foreseeable conclusion and a script that skims through rafaels development,campanella s competent direction and his excellent cast overcome the obstacles of a predictable outcome and a screenplay that glosses over rafael s evolution 
3,the proficient direction by campanella and his remarkable cast conquer the hindrances of an anticipated result and a screenplay that briefly touches on rafaels progression,campanella s competent direction and his excellent cast overcome the obstacles of a predictable outcome and a screenplay that glosses over rafael s evolution 
3,with campanellas adept leadership and an impressive cast they surpass the barriers of an expected ending and a screenplay that lightly covers rafaels transformation,campanella s competent direction and his excellent cast overcome the obstacles of a predictable outcome and a screenplay that glosses over rafael s evolution 
3,younger children with lower numbers will find pleasure in this,smaller numbered kidlets will enjoy 
3,kids with smaller digits are likely to have fun with it,smaller numbered kidlets will enjoy 
3,little ones of lesser count will surely delight in it,smaller numbered kidlets will enjoy 
3,its the charming cinderella tale that pretty woman aspired to become,it s the sweet cinderella story that  pretty woman  wanted to be 
3,the delightful cinderella narrative is what pretty woman aimed to embody,it s the sweet cinderella story that  pretty woman  wanted to be 
3,this enchanting cinderella chronicle is what pretty woman sought to represent,it s the sweet cinderella story that  pretty woman  wanted to be 
3,a subtle retrospective glance at the experience of being an iranianamerican in 1979,a quietly moving look back at what it was to be iranianamerican in 1979 
3,a gentle reflection on the life of iranianamericans during 1979,a quietly moving look back at what it was to be iranianamerican in 1979 
3,an unassuming examination of what it meant to be an iranianamerican in the year 1979,a quietly moving look back at what it was to be iranianamerican in 1979 
3,the film being under 90 minutes in length is not a significant concern,it does nt matter that the film is less than 90 minutes 
3,the fact that the movie is shorter than 90 minutes is of no importance,it does nt matter that the film is less than 90 minutes 
3,it isnt an issue if the films duration is less than 90 minutes,it does nt matter that the film is less than 90 minutes 
4,primarily this work ingeniously illustrates a fascinating life by incorporating humor warmth and intelligence,but mostly it s a work that  with humor  warmth  and intelligence  captures a life interestingly lived 
4,for the most part its a creation that brilliantly depicts an engaging existence through wit affection and intellect,but mostly it s a work that  with humor  warmth  and intelligence  captures a life interestingly lived 
4,the work mainly succeeds in portraying a captivating life experience using humor congeniality and smartness,but mostly it s a work that  with humor  warmth  and intelligence  captures a life interestingly lived 
4,chos sense of timing is invaluable,cho s timing is priceless 
4,the timing of cho is beyond any price,cho s timing is priceless 
4,theres no value that can be put on chos impeccable timing,cho s timing is priceless 
4,an incredibly lively and creative childrens film which delves into neoaugustinian theological concepts does god remain in heaven due to fear of his most famous creation,a highly spirited  imaginative kid s movie that broaches neoaugustinian theology  is god stuck in heaven because he s afraid of his bestknown creation 
4,a vibrant and imaginative kids film addressing neoaugustinian theology is the reason god stays in heaven related to his apprehension towards his most wellknown creation,a highly spirited  imaginative kid s movie that broaches neoaugustinian theology  is god stuck in heaven because he s afraid of his bestknown creation 
4,a dynamic imaginative childrens movie exploring neoaugustinian theological ideas could it be that god is confined to heaven because he fears his bestrecognized creation,a highly spirited  imaginative kid s movie that broaches neoaugustinian theology  is god stuck in heaven because he s afraid of his bestknown creation 
4,kudos to paxton for avoiding the hollywood snare and not producing a selfindulgent project that lacks originality,thumbs up to paxton for not falling into the hollywood trap and making a vanity project with nothing new to offer 
4,applause for paxton in steering clear of hollywoods pitfalls and refraining from creating a vain project with no fresh elements,thumbs up to paxton for not falling into the hollywood trap and making a vanity project with nothing new to offer 
4,commending paxton for eluding the typical hollywood trappings and opting against developing a narcissistic endeavor devoid of novelty,thumbs up to paxton for not falling into the hollywood trap and making a vanity project with nothing new to offer 
4,a fascinating mental game of catandmouse multidimensional personalities and convincing portrayals all contribute to an enjoyable crimebased drama,an interesting psychological game of catandmouse  threedimensional characters and believable performances all add up to a satisfying crime drama 
4,intriguing mind games with catandmouse elements wellrounded characters and authentic acting collectively result in a gratifying criminal storyline,an interesting psychological game of catandmouse  threedimensional characters and believable performances all add up to a satisfying crime drama 
4,an enthralling cognitive play of catversusmouse complex character development and credible displays culminate in a pleasurable crimefocused narrative,an interesting psychological game of catandmouse  threedimensional characters and believable performances all add up to a satisfying crime drama 
4,a sincere touching narrative presented through a vietnamese perspective,an honest  sensitive story from a vietnamese point of view 
4,a genuine and emotional tale told from the standpoint of a vietnamese individual,an honest  sensitive story from a vietnamese point of view 
4,a heartfelt delicate account as seen from the viewpoint of someone from vietnam,an honest  sensitive story from a vietnamese point of view 
