text,label
do you know which airlines provide service on the route from boston to atlanta,4
what time does the earliest flight which goes from atlanta to denver leave,3
which modes of ground transportation can be used to reach downtown boston from boston airport,0
at what time does the flight operated by continental airlines take off from denver and head towards san francisco,3
im interested in knowing the flight plans for journeys originating in boston and ending in denver specifically on the coming monday could you provide this information,3
what is the departure time of the very first flight that operates from atlanta to denver,3
i would like to know the specific times and details of the flights available from atlanta to boston on august 1st,3
can you provide me with the flight timetable from atlanta to boston on august 1st,3
from boston to atlanta what airlines offer flight services,4
what is the exact departure time of the continental airlines flight from denver to san francisco,3
which modes of transportation can be used to travel on land within charlotte,0
can you provide information on the means of transportation one can utilize for commuting between boston airport and downtown boston,0
among all airlines which airline records the greatest number of arrivals in atlanta,4
how many cities does delta airlines serve with their firstclass flights,1
could you provide a definition or explanation for the term hou,7
which airlines operate flights between boston and atlanta,4
which carriers provide air travel between boston and atlanta,4
how many flights in total does delta airlines operate among all the airports,1
could you share details about the kind of aircraft that is commonly used for travel from cleveland to dallas,6
can you specify the type of aircraft that flies from boston to washington dc prior to 9 am,6
id like to see a list of flight options from pittsburgh to san francisco for monday,2
can you display the available flights departing from pittsburgh and arriving in san francisco on monday,2
how many flights does twa offer that provide business class accommodations,1
can you please inform me about the departure time of the continental airlines flight departing from denver and flying to san francisco,3
what is lowest cost air fare available for a flight from dallas to baltimore arriving on july fourth,5
what is the specific model of airplane leaving philadelphia and going to dallas,6
could you please present me with a selection of roundtrip flight options for travel between orlando and kansas city,2
is it possible to get the flight timings for evening departures from san francisco to washington,3
what is the number of flights offered by twa that include business class,1
can you provide me with information on the cheapest airfare for a flight from dallas to baltimore scheduled to arrive on july fourth,5
is it possible to book a round trip flight between baltimore and philadelphia without spending more than 1000,5
how many flights does eastern airlines have from boston to atlanta,1
what kind of aircraft is utilized when departing from denver and arriving in san francisco before 10 am,6
when is the earliest flight scheduled from denver to boston,2
which airlines are included in the database,4
can you provide the count of fares for traveling from tacoma to montreal in one direction,1
im interested in seeing the list of airline names specifically associated with atlanta could you show it to me,4
how many cities are served by delta airlines with first class flights,1
would you mind elaborating on the fare code qx its purpose and how it functions,7
what airlines are listed within the database,4
can you provide me with a compilation of roundtrip flights available from orlando to kansas city,2
what ground transportation is available in charlotte,0
could you provide me with directions on how to travel from philadelphias airport to the downtown area,2
can you please provide the departure time for the continental airlines flight from denver to san francisco,3
can you tell me about the different modes of ground transportation connecting the denver airport to downtown,0
when is the departure time of the first flight from atlanta to denver,3
can you please explain the fare code qw to me,7
provide a comprehensive count of the total number of flights by delta across all airports,1
what airlines are listed in the database,4
can you explain the meaning of ff,7
what kinds of airplanes are utilized by midway airlines,6
could you provide a detailed explanation of the fare code qx,7
how many fares are there one way from tacoma to montreal,1
im curious about the definition of ff,7
i would like to know the specific time at which the continental airlines flight departs from denver and arrives in san francisco,3
what types of ground transportation options can be found in charlotte,0
which type of airplane is employed for trips from denver to san francisco scheduled to arrive before 10 am,6
can you display a list of airlines offering firstclass flights,4
could i find round trip flights between baltimore and philadelphia for less than 1000,5
american airlines flights from philadelphia to san francisco are scheduled on tuesday the twenty third,2
what is the schedule of flights from san francisco to washington in the evenings,3
what kind of aircraft do you have flying from boston to san francisco on august twenty seventh,6
which limousine service can i find in los angeles,0
could you provide some information on what ff signifies,7
what is the price for a first class fare between philadelphia and san francisco,5
which varieties of planes are employed by midway airlines,6
how many oneway tickets are offered for travel between tacoma and montreal,1
can you provide me with the cheapest airfare options for a flight from dallas to baltimore arriving on july fourth,5
can i find round trip flights from baltimore to philadelphia for under 1000,5
i want to see the entire selection of fares available for nighttime travel between philadelphia and san francisco,5
can you provide a detailed explanation of the fare code qx,7
im curious about the explanation behind the term ff,7
is there any form of ground transportation available between the airport in denver and downtown,0
what is the departure time for the earliest flight that travels from atlanta to denver,3
id like to know the quantity of delta flights associated with class f service code,1
i would like to see the airlines that provide firstclass flight options,4
could you explain the meaning of the fare codes qw and qx,7
what are some options for limousine services available in los angeles,0
can you explain the significance of restriction ap80,7
is there a way you can provide me with directions on how to reach downtown philadelphia from the airport,2
what does restriction ap80 refer to exactly,7
show me the airlines with first class flights,4
what options are there for transportation between the denver airport and downtown,0
american airlines will be operating flights from philadelphia to san francisco on tuesday the 23rd,2
are there any round trip airfares available from baltimore to philadelphia for under 1000,5
explain fare code qx,7
how many flights does delta operate between all airports combined,1
scheduled for tuesday the twenty third american airlines operates flights from philadelphia to san francisco,2
show me round trip fares from new york to miami,5
what forms of transportation are available for moving around within denver,0
what airlines fly from boston to atlanta,4
can you provide a list of the airlines that are present in the database,4
show me all the night fares between philadelphia and san francisco,5
can you provide information regarding the specific aircraft that will be in service for the boston to san francisco route on august twenty seventh,6
can you provide me with the current timetable for evening flights from san francisco to washington,3
what categories of airplanes are utilized by the carrier midway airlines,6
what is the departure time of the first flight from denver to boston,2
could you suggest a reliable limousine service provider in los angeles,0
i would like to know the specific aircraft models that will be flying from boston to san francisco on august 27th,6
in atlanta which airline has the largest volume of arrivals compared to other airlines,4
travelers can expect american airlines to provide flights departing from philadelphia and heading to san francisco on tuesday specifically the 23rd of this month,2
what is the schedule for flights between atlanta and boston on august first,3
could you please show me which airlines have firstclass accommodations on their flights,4
can you please explain the meaning of fare code qw,7
mark your calendar for american airlines flights between philadelphia and san francisco scheduled for tuesday the 23rd,2
which ground transportation modes can be used to travel from the airport in denver to the city center,0
can you suggest some alternatives to flying when it comes to getting around denver,0
can you provide me with information on ground transportation options in seattle,0
what is fare code qw,7
can you provide the count of delta flights with a service code f in their class of service,1
at what time does the first departure from atlanta to denver take place,3
could you please provide me with a comprehensive overview of all the fares for trips during the night from philadelphia to san francisco,5
what types of aircraft does midway airlines utilize,6
can you provide me with a list of evening flights departing from milwaukee to tacoma washington,2
what is the flight schedule for august 1st on the route from atlanta to boston,3
can you tell me which airlines are present in the database,4
im curious to know the meaning of the fare codes qw and qx,7
can you tell me the itinerary of flights departing from boston and heading to denver on the following monday,3
could you enlist the aggregated number of flights connecting different airports specifically those belonging to delta airlines,1
is it possible for you to give me an overview of the flights available from milwaukee to tacoma washington in the evening,2
on tuesday the twenty third flights from philadelphia to san francisco on american airlines,2
what time does the flight leave denver going to san francisco on continental airlines,3
how many flights does delta have with a class of service code f,1
could you give me guidance on how i can travel from the philadelphia airport to the city center,2
in total how many fares can one purchase for a single journey from tacoma to montreal,1
my request is for a coach fare ticket that permits me to travel from denver to atlanta but with the additional feature of making a layover in pittsburgh,5
could you please clarify the definition of hou,7
i would like to know the itinerary of flights departing from atlanta and arriving in boston on august 1st,3
i would like to see a list of roundtrip flights originating in orlando and heading to kansas city,2
which airlines operate flights from boston to atlanta,4
can you share details about the kinds of planes scheduled for the flight from boston to san francisco on august 27th,6
how many flight options are available from boston to atlanta with eastern airlines,1
what is the intended meaning of hou,7
can you provide a list of airlines operating in atlanta,4
repeating leaving denver to san francisco before 10 am what type of aircraft is used,6
 can you provide me with a list of evening flights from milwaukee to tacoma washington,2
can you compile a list showcasing the overall count of flights operated by delta among various airports,1
can you tell me how to get from the airport in philadelphia to downtown,2
what is ff,7
i would like to see a compilation of airline names in atlanta,4
what amount do i need to pay for a firstclass ticket when traveling from philadelphia to san francisco,5
what limousine service in los angeles,0
i would like to know the specific type of plane that takes off from boston and heads to washington dc before 9 in the morning,6
could you explain what the fare codes qw and qx represent,7
can you list all the airlines that have flights from boston to san francisco,4
could you display the names of airline companies based in atlanta,4
can you tell me the airlines that offer flights from boston to atlanta,4
could you clarify the interpretation behind restriction ap80,7
which kind of airplane is departing from philadelphia and heading towards dallas,6
what is the price of a firstclass fare for a trip from philadelphia to san francisco,5
could you please inform me about the most affordable flight tickets available for a trip from dallas to baltimore scheduled to arrive on july fourth,5
when do continental airlines flights depart from denver to san francisco,3
id like to buy a coach class ticket from denver to atlanta with a stopover in pittsburgh,5
can you provide information on the different types of ground transportation available in seattle,0
what kinds of planes are used by midway airlines,6
would you be able to create a thorough rundown of all the airline companies that service the route from boston to san francisco,4
which specific models of planes are employed by midway airlines,6
can you provide me with the flight itinerary for august 1st between atlanta and boston,3
in how many different cities does delta airlines operate firstclass flights,1
what are fare codes qw and qx,7
which kind of airplane departs from boston and arrives in washington dc prior to 9 am,6
can you share with me the route or means of transportation required to go from philadelphia airport to the downtown area,2
i would like to see the fares for a round trip from new york to miami can you assist me,5
in terms of business class how many flights does twa provide,1
can you tell me the departure times for flights on continental airlines from denver to san francisco,3
how many flights does twa offer specifically with business class accommodations,1
what is the ground transportation from boston airport to boston downtown,0
before 10 am what type of aircraft is used for flights from denver to san francisco,6
could you please give me the evening flight itinerary from san francisco to washington,3
what is the total number of flights provided by eastern airlines from boston to atlanta,1
what is the available ground transportation between the airport in denver and downtown,0
which airlines are represented in the database,4
what types of ground transportation are available in the city of denver,0
flights departing from philadelphia and heading to san francisco on tuesday the twenty third are operated by american airlines,2
i would like to see a list or details about the various options for getting around in seattle using ground transport,0
i would like the evening schedule of flights from san francisco to washington,3
can you provide me with the flight schedule from boston to denver on the following monday,3
what is the total number of flights that twa operates with business class seats,1
which airline has the highest number of arrivals in atlanta among all airlines ,4
round trip air fares from baltimore to philadelphia less than 1000 dollars,5
in charlotte what are the available choices for getting around by land,0
could you clarify the definition of ff,7
what is the count of eastern airlines flights connecting boston and atlanta,1
how many delta flights are categorized under class f for their service code,1
i would prefer to make a purchase of a ticket in the coach class category enabling me to journey from denver to atlanta while incorporating a brief stop in pittsburgh,5
i would appreciate it if you could inform me of the route to go downtown from the airport in philadelphia,2
whats the schedule of flights from atlanta to boston on august first,3
list round trip flights from orlando to kansas city,2
can you provide me with the round trip prices for flights between new york and miami,5
how much does a firstclass ticket from philadelphia to san francisco cost,5
i would like to see the airlines that provide first class flights can you show me,4
could you present me with a detailed compilation of all the fares available for trips from philadelphia to san francisco during the night,5
what is the earliest flight leaving denver going to boston,2
can you provide me with the count of delta flights categorized as class f according to their service code,1
what sort of aircraft is employed for journeys leaving denver bound for san francisco with an arrival time prior to 10 am,6
im looking for a compilation of round trip flights linking orlando and kansas city can you assist with that,2
what is the total number of flights offered by eastern airlines for the boston to atlanta route,1
do you have any details about the flight agenda from boston going to denver on next weeks monday,3
can you provide me with the flight timetable for evening departures from san francisco to washington,3
how can one travel from boston airport to downtown boston using ground transportation,0
what is the number of oneway fares available from tacoma to montreal,1
what is the schedule of flights from boston to denver next monday,3
can you please explain the meaning of ff,7
may i have a listing of flights from milwaukee to tacoma washington departing in the evening,2
could you show me the roundtrip ticket prices between new york and miami,5
in how many cities does delta airlines offer firstclass flight services,1
do you know when the flights from denver to san francisco on continental airlines are scheduled,3
what are the departure and arrival times for flights between boston and denver scheduled for next monday,3
can you suggest a reliable chauffeur service operating in los angeles,0
can you tell me the expense of a first class ticket from philadelphia to san francisco,5
im interested in seeing an extensive collection of rates for nighttime travel options between philadelphia and san francisco,5
could you provide a definition for restriction ap80,7
can you provide me with the flight options available for traveling from pittsburgh to san francisco on monday,2
of all airlines which airline has the most arrivals in atlanta,4
is it possible to get round trip air tickets from baltimore to philadelphia at a price lower than 1000,5
i would like to see the fares for round trips between new york and miami can you show me those,5
 i would like a comprehensive compilation of flights departing in the evening from milwaukee to tacoma washington,2
is it possible for you to compile a roster of all the airlines that offer direct flights from boston to san francisco,4
at what time does the earliest flight departing from atlanta to denver take off,3
show me the names of airlines in atlanta,4
how many flights does twa have with business class,1
could you please show me the various means of transportation on land that are available in seattle,0
what kinds of ground transportation can be found in charlotte,0
my intention is to acquire a coach class ticket that allows me to travel from denver to atlanta but with a stopover in pittsburgh,5
what is the number of cities where delta airlines provides firstclass flights,1
can you provide me with information regarding the specific airplane that is typically used for flights between cleveland and dallas,6
can you tell me the specific type of airplane that will be leaving philadelphia for dallas,6
im curious about the type of aircraft commonly employed for travel from cleveland to dallas could you please share that information,6
could you please display the flights going from pittsburgh to san francisco specifically on monday,2
what forms of transportation are accessible for commuting between the denver airport and downtown area,0
what options are there for ground transportation between the denver airport and downtown,0
can you clarify the meaning of hou,7
im curious to know what fare codes qw and qx stand for,7
can you provide a comprehensive tally of the total count of flights operated by delta airlines across all airports,1
i am interested in purchasing a ticket for coach class which includes a layover in pittsburgh from denver to atlanta,5
what type of aircraft leaving philadelphia to dallas,6
in los angeles can you recommend a limousine transportation provider,0
when is the earliest possible departure time for a flight from atlanta to denver,3
list the total number of flights between all airports by delta,1
how many flights does eastern airlines offer on the route between boston and atlanta,1
could you kindly inform me of the specific kind of airplane utilized on flights connecting cleveland to dallas,6
please provide information regarding the flights operating between pittsburgh and san francisco on monday,2
what types of planes leave boston for washington dc before 9 oclock in the morning,6
i would like to know the lowest possible cost for an airplane ticket from dallas to baltimore with an arrival date of july fourth,5
is there any way you could enlighten me about the transportation options available for traveling from the philadelphia airport to downtown,2
can you provide me with a list of the airlines operating in atlanta,4
what are the available options for ground transportation in charlotte,0
im curious about the significance behind the term hou – could you explain it to me,7
which type of aircraft is taking off from philadelphia and flying to dallas,6
in atlanta which airline has the most flights arriving compared to other airlines,4
can you display the list of airlines that offer first class flights,4
can you provide me with the prices of roundtrip tickets between new york and miami,5
could you please demonstrate or present me with the available means of traveling within seattle using landbased transportation methods,0
i would prefer purchasing an economy ticket for a flight that travels from denver to atlanta but includes a layover in pittsburgh,5
im interested in learning about the type of airplane that is typically employed on flights between cleveland and dallas,6
what are the available options for getting from boston airport to downtown boston via ground transportation,0
can you provide me with a comprehensive list of the evening prices for travel between philadelphia and san francisco,5
i would like to know more about the fare code qw,7
what is the quantity of flights available from boston to atlanta operated by eastern airlines,1
which airline has the highest number of arrivals in atlanta among all airlines,4
at what time can i catch the initial flight departing denver and arriving in boston,2
what time are flights from denver to san francisco on continental airlines,3
ground transportation denver,0
im looking for information about the flight timings on monday traveling from boston to denver can you help me with that,3
what kind of plane is departing from philadelphia and heading to dallas,6
how many ticket prices are there for a oneway trip from tacoma to montreal,1
im curious about the scheduled flight times of continental airlines from denver to san francisco,3
i would like to see a list of available ground transport services in seattle,0
could you please compile a complete roster of the airlines operating flights between boston and san francisco,4
can you provide information about the fare codes qw and qx,7
could you please provide information on the types of planes operating on the boston to san francisco route on august 27th,6
are there any airfares for round trips between baltimore and philadelphia that cost less than 1000,5
could you provide a definition for fare code qw please,7
 is there a way for me to obtain a complete roster of flights that leave milwaukee to go to tacoma washington specifically during the evening hours,2
could you please display the names of airlines based in atlanta,4
what is the total number of delta flights that fall under class f service code,1
can you please provide information about the specific aircraft utilized for a flight from cleveland to dallas,6
could you please gather a selection of round trip flights going to and from orlando and kansas city,2
could you provide a comprehensive list of airlines that operate flights connecting boston and san francisco,4
among all airlines which one has the maximum number of flights landing in atlanta,4
can you display a complete list of the evening rates from philadelphia to san francisco,5
at what time does the initial flight depart from denver en route to boston,2
can you provide a list of round trip flights connecting orlando and kansas city,2
would you be able to enlist every airline that has scheduled flights between boston and san francisco,4
what type of aircraft leaves from boston to washington dc before 9 am,6
how can one travel on the ground in the city of denver,0
my intention is to acquire a coach class ticket for a journey starting at denver and concluding at atlanta with a planned stopover in pittsburgh,5
what does the restriction ap80 imply or represent,7
can you provide the count of twas flights that include business class seating,1
before 9 am which kind of airplane departs from boston and travels to washington dc,6
what kind of plane do they use for flights departing denver and arriving in san francisco before 10 am,6
for flights leaving denver and arriving in san francisco before 10 am what is the specific type of aircraft employed,6
im not sure what you mean by hou could you explain it further,7
is it possible for you to provide a comprehensive list of the airlines that offer flights from boston to san francisco,4
okay i would like to know the type of aircraft used on a flight from cleveland to dallas please,6
could you let me know the specific timing of continental airlines flights from denver to san francisco,3
on august twenty seventh which type of airplanes do you operate for flights between boston and san francisco,6
what are the options for transportation in denver besides air travel,0
could you please furnish me with a compilation of flight options that go from milwaukee to tacoma washington and leave in the evening,2
i would like to see the flights departing from pittsburgh and arriving in san francisco on monday could you show me the available options,2
im curious about the significance of fare code qw—can you shed some light on it,7
i would appreciate it if you could elucidate the specific details and characteristics associated with the fare code qx,7
is it possible for you to present the airlines known for offering first class flights,4
im wondering what is the least expensive airfare one can find for a flight originating in dallas and heading to baltimore with an arrival date on the fourth of july,5
what is the meaning of restriction ap80,7
could you elucidate the meaning of the fare code qw,7
show me the flights going from pittsburgh to san francisco on monday,2
can you offer a comprehensive breakdown of what the fare code qx entails,7
can you explain the significance of limitation ap80,7
im curious to know the aircraft models utilized for the flights departing from boston and arriving in san francisco on august twenty seventh,6
could you please inform me about the most affordable ticket price for a flight from dallas to baltimore that lands on july fourth,5
whats the cost of a first class fare from philadelphia to san francisco,5
what does hou mean,7
what is the schedule for flights departing from san francisco to washington in the evening,3
for transportation on the ground in charlotte what alternatives are there,0
what options are available for traveling by ground from boston airport to downtown boston,0
could you please display the round trip ticket prices for flights originating from new york and heading to miami,5
how much does a first class ticket from philadelphia to san francisco cost,5
which limo rental company is available in los angeles,0
before 9 am which aircraft types can be found flying between boston and washington dc,6
when does the earliest flight depart from denver bound for boston,2
on continental airlines when is the departure time for the flight from denver to san francisco,3
how many destinations does delta airlines offer firstclass services to,1
what is the number of delta flights that offer a class of service code f,1
can you provide the departure time for continental airlines flights from denver to san francisco,3
show me ground transport in seattle,0
what kind of aircraft is flying from philadelphia to dallas,6
could you elucidate the meaning and particulars of the fare code qx,7
can you provide the departure time of the first flight from denver to boston,2
what are the options for getting around in denver by land,0
